"","X0.100","X1.100","X2.100","X3.100","X4.100","X5.100","X6.100"
"1",0.0681736798834746,0.0616568383587292,0.146279550855797,0.0880555093180526,0.0711984648391267,0.489958245266736,0.0746777114780838
"2",0.0723131146806497,0.456897840755067,0.0946912086905981,0.0943276172153364,0.108934782582463,0.0936455720940437,0.0791898639818417
"3",0.0743015056520466,0.471026206408193,0.0976192856066684,0.0944795565148497,0.0882385538080976,0.0926962894820493,0.0816386025280949
"4",0.0876599568667334,0.0885597077411907,0.417492583265219,0.112878594859645,0.091805094462505,0.105260892240739,0.0963431705639683
"5",0.34958394532755,0.0801151396075877,0.10506635532321,0.133010958195079,0.141026589078395,0.0921608146074434,0.0990361978607358
"6",0.0658139997001648,0.0642617583476659,0.213258721664718,0.0818225883741277,0.0736606023043641,0.0843439230839009,0.416838406525059
"7",0.0938063078950653,0.0791674338169995,0.416888140818886,0.113263960466788,0.0977348160208925,0.103253094809469,0.0958862461719004
"8",0.104046300856106,0.0888702794234004,0.101062335262542,0.128477749449932,0.34188457346027,0.128050761329792,0.107608000217958
"9",0.498243817150455,0.0687685535887417,0.0751196877804441,0.0894167343393007,0.0830552027097206,0.105040396589137,0.0803556078422011
"10",0.267069658276238,0.0587098225929031,0.0622850067453581,0.0756772195414216,0.0638829594129059,0.0785739439634613,0.393801389467712
"11",0.111556749058274,0.0900063097848508,0.102354216890486,0.12659855691917,0.145623283603496,0.314877328546354,0.108983555197369
"12",0.0686697424708725,0.0643272991925561,0.0690565383000083,0.0994038037703618,0.0830502745425908,0.0891113777793513,0.526380963944259
"13",0.135482119509255,0.0846079231745293,0.150713159600368,0.111826831571833,0.292400865322883,0.122522146963479,0.102446953857651
"14",0.0742408933132045,0.470641961166111,0.0967918808159374,0.0955064632968489,0.0881665721561052,0.0930802243867681,0.0815720048650246
"15",0.110220005317397,0.133727965085241,0.143699801310392,0.226974833382361,0.13126605244144,0.133007373899059,0.12110396856411
"16",0.314780699434045,0.0540633992327019,0.0606751157305333,0.0933665577640372,0.0688445734383393,0.0784605666069169,0.329809087793427
"17",0.0809157786702377,0.0918794612603959,0.431780237689868,0.112465014474724,0.0830255806548333,0.102844266204731,0.0970896610452096
"18",0.113530728173953,0.176930876856666,0.116255596545075,0.139687230208245,0.180036922474785,0.148817028316686,0.124741617424589
"19",0.120130496577795,0.12305695538836,0.1194516661339,0.143893689211441,0.204273497415465,0.160640208946161,0.128553486326878
"20",0.129313947986463,0.0958013402171547,0.10685519990563,0.148091909381469,0.264543465744171,0.144916445195755,0.110477691569357
"21",0.0880200024473358,0.0754321864141995,0.0857289163207995,0.102269085761277,0.455634748286827,0.101552882572451,0.09136217819711
"22",0.0681681035131146,0.0618573263172302,0.0906867442933428,0.449896492798648,0.16506551963041,0.0894262719243317,0.0748995415229234
"23",0.0838881746770866,0.0708104683437905,0.0796804085781498,0.0946770385421754,0.0811098697898364,0.102288483239975,0.487545556828986
"24",0.354865784307543,0.0745016120028293,0.14450813053904,0.241465294675834,0.059467674073177,0.0679756133962854,0.0572158910052907
"25",0.139885071811927,0.127903190685842,0.134175791259585,0.160442220279626,0.135226601081934,0.159380424599301,0.142986700281784
"26",0.176527751311772,0.0976013823518794,0.10884307036682,0.124518264357915,0.244786177487412,0.129543098336138,0.118180255788064
"27",0.0821451666981275,0.070397515963557,0.0788058127642348,0.0919457385252769,0.0925015471398506,0.10435971367271,0.479844505236243
"28",0.144452948637356,0.0937266583063548,0.107333985806889,0.230853184322036,0.171802152740012,0.138342755163522,0.11348831502383
"29",0.0802035013729536,0.0801903119233684,0.448028745874363,0.124702435398221,0.0833641830023997,0.0953627113778404,0.0881481110508545
"30",0.0999404698151543,0.0925845575490533,0.100725682954328,0.135495422573277,0.137064821168969,0.325788400510635,0.108400645428585
"31",0.115043488097994,0.104393143086061,0.117469753956006,0.149842675022825,0.120548372659244,0.162157833814442,0.230544733363428
"32",0.118357985227231,0.129378644215291,0.172774893638948,0.141514556562235,0.171913185990528,0.137970236504557,0.128090497861211
"33",0.48625877134433,0.0704182339048169,0.0730672032947215,0.0923701982206498,0.104758635990583,0.0947262488872509,0.078400708357648
"34",0.164779366262615,0.115092735250848,0.130554423828743,0.158996532731513,0.132832243562878,0.15838540794243,0.139359290420972
"35",0.10501313369038,0.186234618998435,0.137969035757892,0.194243889110193,0.124710892011921,0.136445499677038,0.115382930754142
"36",0.0887858932269358,0.0792160093452166,0.0884437314350253,0.150510964219109,0.380200516197106,0.116924695533859,0.0959181900427475
"37",0.184757559656221,0.0842371448070726,0.09324470722157,0.114785767206784,0.095941455591766,0.326431753539656,0.10060161197693
"38",0.081187738399214,0.239063261007815,0.110770790018058,0.0982579606542121,0.293799723437283,0.0926736557767178,0.0842468707067004
"39",0.121865469935625,0.102776265989848,0.11628673279278,0.140883539980971,0.167605025371986,0.155343035966951,0.195239929961839
"40",0.173516878664796,0.111389342065308,0.150125844142602,0.14205147446856,0.143141522604243,0.164719688446237,0.115055249608254
"41",0.0908608244133135,0.0672129210159773,0.117743592423516,0.0904861039610825,0.351413440274797,0.200898789356671,0.081384328554642
"42",0.108852246782152,0.0618657176337199,0.070539058591651,0.0818193840478832,0.156203756427739,0.0865335569750947,0.43418627954176
"43",0.0709536827953181,0.122287043559249,0.437038668327617,0.0929508270508655,0.073749845031551,0.0885196479195592,0.114500285315841
"44",0.111246050749459,0.0903023489287808,0.150237220420613,0.11822854229345,0.209910636564872,0.122014854471759,0.198060346571066
"45",0.0789955476964984,0.472950248208803,0.0972666014374723,0.102433453590874,0.0776493202938647,0.088732749928913,0.0819720788435747
"46",0.0716447411031399,0.232031526350038,0.339701688742287,0.0793756542427506,0.0690938930848613,0.0791871306343191,0.128965365842603
"47",0.0916849365706658,0.301951872075278,0.140859532092197,0.135840733378075,0.114267191546232,0.115949470789649,0.0994462635479025
"48",0.0948299602843356,0.087341257286965,0.0912069962661658,0.115073016017859,0.105525911034552,0.407619731239852,0.0984031278702709
"49",0.066780187734226,0.0605978991832624,0.0678357273204682,0.0809097681048756,0.116968618566224,0.089832422655464,0.51707537643548
"50",0.0876535182912669,0.0696727671135252,0.0792416592759327,0.0899974903458753,0.0798066896131634,0.0979370586883425,0.495690816671894
"51",0.104454432345405,0.103671351171285,0.107792171712958,0.137220781378014,0.123076468905511,0.309015735505996,0.114769058980831
"52",0.0743442253455487,0.06746168325068,0.105002891891105,0.504099169479617,0.0772740030146358,0.0901324863287384,0.081685540689675
"53",0.162031680308216,0.117827182335237,0.129040079890033,0.161827438344841,0.130767229978152,0.161432489530894,0.137073899612628
"54",0.0971684033610463,0.0869269099683878,0.0893407526749116,0.113441395957676,0.399602855863879,0.11662866282662,0.096891019347479
"55",0.511142221736582,0.0680622465133129,0.0782634792995359,0.0938123084572478,0.0779619183634825,0.088321992996008,0.0824358326338313
"56",0.0750068383652135,0.449069648310797,0.110245777738305,0.0882785084148118,0.107068364390333,0.0924977867709524,0.0778330760095874
"57",0.437937864443703,0.0644154403959296,0.167419499736862,0.0856463467497463,0.0737846833267978,0.0927772821107939,0.0780188832361673
"58",0.0874968142036084,0.108453238246897,0.302413083415178,0.16378948935667,0.0908091276633307,0.108620987848811,0.138417259265506
"59",0.383055897485402,0.0864199981387839,0.0960891522517738,0.112492571170747,0.0955435512593458,0.125400740562301,0.100998089131647
"60",0.101916940419941,0.0784881620367924,0.0875782192878722,0.103332331563502,0.103660431673643,0.1133792112214,0.411644703796849
"61",0.111972499633941,0.104910298375103,0.130441515563381,0.108459613707962,0.339644910984689,0.106654429423801,0.0979167323111234
"62",0.0955728240263473,0.0795858059870402,0.0904495179858927,0.116644312518342,0.412327101551112,0.109027466519531,0.0963929714117348
"63",0.126442226387928,0.103283666159152,0.211014718041963,0.138149616187804,0.102620060507046,0.11739006920308,0.201099643513025
"64",0.0842780833743985,0.0796188621397111,0.410999185867995,0.119685473747543,0.106477695405658,0.107197837396718,0.0917428620679772
"65",0.119743193611137,0.107716113896844,0.124416138239023,0.141324086821819,0.124318646573194,0.144338440725643,0.238143380132341
"66",0.128844611925431,0.116916604589931,0.132956317539319,0.163989886942501,0.135092145670734,0.180632722576318,0.141567710755767
"67",0.0922139092366708,0.330353784121659,0.120224276865214,0.125967638748043,0.109510862809964,0.120409714875919,0.101319813342531
"68",0.0882110009940249,0.0715508168638304,0.115097305475837,0.0961267049952323,0.447694668472075,0.0946826616516028,0.0866368415473978
"69",0.0703617955715495,0.094763637117635,0.335833573046698,0.188957908440563,0.072437096806998,0.0914236971637545,0.146222291852802
"70",0.0740261928754668,0.469280891402931,0.107796195060543,0.093832451625696,0.0776726660790653,0.0948682582205493,0.0825233447357478
"71",0.0935511394678338,0.101772142686977,0.0965365553077925,0.128828242892351,0.358529169103387,0.117993658664697,0.102789091876962
"72",0.113938207697065,0.107280790843705,0.116341163203969,0.150852014998818,0.119390204075633,0.160599902300582,0.231597716880229
"73",0.352878060574775,0.0813454855499522,0.0922735303309697,0.108284124391686,0.14537175046224,0.121350396225883,0.0984966524644939
"74",0.056360346576462,0.223538721761839,0.338343425869663,0.0738085744562604,0.0659863867290131,0.0679920708919964,0.173970473714767
"75",0.487065333325686,0.0695479426364835,0.0801186286141046,0.0931907861599003,0.0796637093827507,0.106201925573966,0.0842116743071097
"76",0.0705059606220851,0.0639787523599075,0.260839135316211,0.355114181686983,0.0732844788998398,0.0988092346567098,0.0774682564582643
"77",0.0745855985184806,0.468723209818511,0.0979925343372811,0.0951212581929819,0.088575935176905,0.0930507150667754,0.0819507488890649
"78",0.122350874700481,0.139683096740389,0.228653773599846,0.135977394045284,0.110883032239298,0.126084551950735,0.136367276723968
"79",0.110807580189152,0.0966681094929661,0.207252524936353,0.131868889532941,0.159004104649273,0.12770047385309,0.166698317346225
"80",0.0800296309231162,0.0669226897754873,0.0794062397222269,0.0976018412490209,0.506957860491693,0.0892144595490729,0.0798672782893828
"81",0.0797039099252126,0.0683053854152805,0.0981388023219883,0.496366696091098,0.078345610745484,0.0964324635289875,0.0827071319719493
"82",0.100185064215362,0.200317795024967,0.131041147424747,0.125774094923204,0.11897720109379,0.125607974812852,0.198096722505079
"83",0.471847391213933,0.0931981493827699,0.109343428354654,0.0852593029826688,0.079293871686116,0.0849807306025528,0.0760771257773055
"84",0.0614981529530151,0.299638251761037,0.306553388215955,0.128205725596787,0.0633120235594212,0.0738472173731375,0.0669452405406472
"85",0.145080014946442,0.110140377810711,0.158245864508604,0.167612638715661,0.126329938918522,0.159228404497103,0.133362760602957
"86",0.0914591389304321,0.28497296599148,0.190349177131659,0.112305203543903,0.106217153873584,0.114205849264347,0.100490511264595
"87",0.108619318630933,0.0985637019462656,0.171851199555547,0.256912324703565,0.11381680368698,0.12914938319828,0.121087268278431
"88",0.0988581925450258,0.0613891271281816,0.0934449615782848,0.0966116934369794,0.49374912235121,0.0816142773823442,0.0743326255779745
"89",0.0753313568761814,0.477554834745023,0.0985327256056624,0.0929582255332551,0.0784053047047532,0.0944474034251355,0.0827701491099897
"90",0.0735863757618719,0.44950476384265,0.122753549666892,0.0913973372332902,0.088159906237016,0.0939912678709553,0.0806067993873247
"91",0.0734599033570788,0.465690961411147,0.115583890456074,0.095826537031917,0.0770784815754827,0.0916463321591328,0.0807138940091672
"92",0.0686971592768761,0.246105676609787,0.0933892111565899,0.0871980779026491,0.0720811283928873,0.090120313303731,0.34240843335748
"93",0.111738908421803,0.100117772921856,0.107232445575254,0.129515036869006,0.29509668226339,0.137152502183683,0.119146651765008
"94",0.0949811992757962,0.0864600603937834,0.368971546795886,0.110405184598493,0.0976844992697633,0.102015133517255,0.139482376149023
"95",0.133657255737966,0.112524394059285,0.117539965039907,0.180194202389315,0.137269577351694,0.192000866529088,0.126813738892745
"96",0.121277225301443,0.110411413916044,0.128573792865317,0.139162974000261,0.224655568036997,0.151686555705815,0.124232470174122
"97",0.0820938931585546,0.0744939124906649,0.0836041911115588,0.115416096619863,0.0960865550567342,0.458104881804438,0.0902004697581862
"98",0.114239179490627,0.0855923127795196,0.0959345465701736,0.113151000589501,0.320454614707094,0.168480253980835,0.10214809188225
"99",0.404315464210007,0.0557361973062064,0.104105387582335,0.079142429477607,0.0677543491416139,0.223757386676614,0.0651887856056161
"100",0.0874625736829893,0.0793655783575175,0.137170348550607,0.108906446539409,0.38548254059729,0.105513217563035,0.0960992947091524
"101",0.462108967382502,0.0687949329805241,0.0781888313804653,0.104926896470221,0.0914187607835403,0.111238361010861,0.0833232499918859
"102",0.121429992731094,0.115975636759937,0.122187702851949,0.152907844087062,0.197900124101469,0.157514018445409,0.132084681023079
"103",0.0742951267690645,0.46689777899202,0.0976109048612956,0.0986452858385742,0.0882309784110136,0.0926883313824348,0.0816315937455974
"104",0.073215697240358,0.0678035152343664,0.0746128774896949,0.111558568063449,0.487927715445285,0.103963148229145,0.0809184782977011
"105",0.12505071705687,0.108856224487077,0.165354769344308,0.234786972246206,0.144367860354435,0.117869379673852,0.103714076837251
"106",0.105381852028048,0.0837217490256755,0.09267419965214,0.119486981441075,0.106949558629345,0.391799567235426,0.0999860919882907
"107",0.0858582689032769,0.0779097947995685,0.0869853584441773,0.420761380716225,0.108349161449236,0.125799467037486,0.0943365686500304
"108",0.0843360667527353,0.0775423502701669,0.0854431738487888,0.406901672541014,0.140678662829677,0.112434021098279,0.0926640526593392
"109",0.222018108812608,0.0841162063369249,0.172056856285153,0.118204287127616,0.106184103493604,0.113218589298285,0.184201848645809
"110",0.109939354904026,0.124394714172215,0.10053993315521,0.11736944526421,0.314585182147559,0.125292573548247,0.107878796808533
"111",0.0989227261337779,0.0897647878596163,0.139717271509917,0.339366998622802,0.102821100118373,0.120716005811518,0.108691109943997
"112",0.452987953630306,0.0738986691403037,0.0828861058943063,0.114754578671432,0.085334764747944,0.100633119696934,0.0895048082187735
"113",0.123534212478951,0.0956238836429168,0.277837350012944,0.116696874934233,0.161964082687527,0.117413444184604,0.106930152058824
"114",0.490994642461443,0.0721333471493391,0.0779415625777685,0.0906821696230028,0.0775457983934612,0.102920366996367,0.0877821127986179
"115",0.10179952695495,0.0920683317841251,0.103327884768664,0.337203232244237,0.105459695119114,0.14866098799605,0.111480341132858
"116",0.106377895184042,0.112323818379412,0.26894631376928,0.142740885288998,0.123285386250433,0.127737139761399,0.118588561366437
"117",0.07488774093676,0.0729969722318002,0.251941752005593,0.167226001849468,0.0723434364567263,0.0913054873530783,0.269298609166575
"118",0.0882273201001995,0.0715640538225331,0.0805770131658595,0.0935130963580664,0.0826388589726903,0.101588384994377,0.481891272586274
"119",0.0744120375721832,0.467227724400716,0.115965313029759,0.0921330787218055,0.0773328377206362,0.0919487616736871,0.0809802468812122
"120",0.123432287051561,0.0967196081614233,0.107986291147931,0.14683712209884,0.230599853357071,0.177312529280331,0.117112308902843
"121",0.0718877262934762,0.455724318184042,0.11274381780632,0.0899698140714281,0.105051956587207,0.085635898855857,0.07898646820167
"122",0.433501498011749,0.0758328378140342,0.0850555050373937,0.101580301306243,0.103623094077725,0.108559323410676,0.0918474403421792
"123",0.0748872665181346,0.470211652085411,0.107181955740814,0.0928440787672225,0.0778267202180985,0.0955280560644957,0.0815202706058229
"124",0.114871810445891,0.104237358782256,0.116379770223693,0.143985012238891,0.24778738214703,0.146523537782582,0.126215128379656
"125",0.0731497036911357,0.459699520985764,0.114723017276568,0.0923590575963593,0.0884363010572412,0.091259336528571,0.08037306286436
"126",0.0809753133862026,0.0584582049048109,0.133659407177004,0.0814774859061099,0.0714111158622784,0.0837049497940971,0.490313522969497
"127",0.116195880271604,0.0910492730734755,0.215270489118448,0.243611493158957,0.104292414048077,0.119303123014817,0.110277327314621
"128",0.102114404704324,0.0926609914014971,0.13416060885856,0.304538049762128,0.124156530513587,0.130171455581406,0.112197959178499
"129",0.108241894428873,0.0955851533632958,0.304023242331803,0.140435889194627,0.109488039331946,0.126487119665415,0.11573866168404
"130",0.0984457743902594,0.0906357494436151,0.100062206503702,0.117431895725393,0.348913776643859,0.136343536942418,0.108167060350755
"131",0.0729423644120328,0.462410080306326,0.114397840461101,0.0909181664591341,0.0881856326610279,0.0910006663755498,0.0801452493248281
"132",0.107274397610198,0.0970198499595054,0.139394746381957,0.196135195144308,0.198619406404178,0.144080549767256,0.117475854732597
"133",0.133463706377022,0.118269826481763,0.124403707615174,0.158306430508995,0.145824354097437,0.184814799044676,0.134917175874933
"134",0.0728819269001991,0.462026943360797,0.114674485945243,0.0912999685537482,0.0881125651061101,0.0909252663813862,0.0800788437525173
"135",0.0821118851670019,0.0716343661000839,0.0786224234136208,0.0906172994020436,0.0800372435994811,0.103859119110763,0.493117663207005
"136",0.127579165109162,0.115383649152024,0.129836965108527,0.162410047561319,0.148617294439846,0.174422004788848,0.141750873840274
"137",0.482831801840951,0.0713163205947371,0.078430653838388,0.0922824957405046,0.077779658614064,0.0943820592481761,0.102977010123179
"138",0.069472273934801,0.094145427124808,0.0703417871473793,0.0965176026621751,0.0990759911531084,0.494237397496071,0.076209520481657
"139",0.180249063194091,0.11732623354384,0.12711932157756,0.156486775955929,0.128820763080475,0.154964284550519,0.135033558097585
"140",0.12423830757648,0.126853916114683,0.125451002950149,0.193445485872003,0.128878289997951,0.165080018416208,0.136052979072527
"141",0.110376685914292,0.172780083402004,0.175563327846569,0.138585707214416,0.126140189799997,0.155277884825609,0.121276120997113
"142",0.162595796548151,0.117494917957787,0.129967219938598,0.157317892084302,0.133654061567245,0.158748621380984,0.140221490522934
"143",0.121587177371673,0.105560866872621,0.110042538256621,0.127013893976378,0.276332042945997,0.142569877790962,0.116893602785749
"144",0.430451379513373,0.079675284931431,0.0858940243353801,0.119644159033086,0.0878922722083235,0.104985620798797,0.0914572591796089
"145",0.0878564712167127,0.0847334873755734,0.0899651278197956,0.115287581064693,0.135030343436951,0.390594900399258,0.0965320886870165
"146",0.073133064935988,0.0686431765020456,0.370197797453109,0.235357813828837,0.0761173099500037,0.09502313889161,0.0815276984384064
"147",0.0751553713188338,0.471895062458499,0.0973649585784553,0.092066041644793,0.0884013188523846,0.0933280538603361,0.0817891932866982
"148",0.0727135779029876,0.440721076381993,0.145542167480952,0.0899180901104252,0.0851326608761595,0.0860561588779448,0.0799162683695373
"149",0.107163310813853,0.0959462251513737,0.108950255571333,0.123330714222043,0.108397038422482,0.127402144617899,0.328810311201016
"150",0.107542241216475,0.0966555881714468,0.108748515080192,0.302441328122884,0.135165559802906,0.132411976892011,0.117034790714084
"151",0.0796602658422704,0.0781648052598545,0.366386035980413,0.105198935980719,0.0789325182432766,0.0895657382317815,0.202091700461685
"152",0.108377802526849,0.109529984737491,0.305590049554329,0.132167238858941,0.114249583489225,0.1193145954688,0.110770745364365
"153",0.0913200028545827,0.324031119342676,0.118834318340892,0.116357182359098,0.136709529963848,0.11336720097418,0.0993806461647217
"154",0.252818661578931,0.0560712667857523,0.0635655637848633,0.0736332703993144,0.0709691403343713,0.0840199188204834,0.398922178296285
"155",0.0776230920551229,0.0704370033425147,0.101983273777616,0.464611839577588,0.098729563618972,0.101327039943724,0.0852881876844625
"156",0.0784735514876575,0.435165092137614,0.10800740943635,0.0838485982874246,0.137841636396597,0.0812405839702006,0.0754231282841559
"157",0.106377270037105,0.113849526189502,0.155488948326663,0.138039480665831,0.230501052946909,0.138861949514967,0.116881772319022
"158",0.156345206830102,0.110312766564053,0.124484789571604,0.164852612966788,0.127461692736295,0.182971434926675,0.133571496404483
"159",0.0835658621131934,0.0758296114358235,0.123203047342132,0.10125420264993,0.0876822520705156,0.111946259572794,0.416518764815611
"160",0.0815610781288802,0.166058317483334,0.105054640172192,0.0960945299607455,0.0808222884104977,0.100997293126304,0.369411852718047
"161",0.0597812189872928,0.378976449359023,0.0787973738092998,0.0744090275874843,0.0709946354657566,0.074581223249858,0.262460071541286
"162",0.118645490153168,0.121179395254919,0.129495337769515,0.138580106663404,0.207565570506499,0.15459396850236,0.129940131150134
"163",0.106671698053941,0.0964747635099761,0.295043996101943,0.130028096244147,0.12139775185166,0.125825954223082,0.124557740015251
"164",0.0861629632834673,0.0699604436805929,0.0795688454844568,0.0924341018791498,0.080136208813392,0.103431432460098,0.488306004398843
"165",0.0596482431971982,0.374851399824839,0.0960679232612299,0.074012457026885,0.0620822307856008,0.0744153267148613,0.258922419189385
"166",0.153794668026287,0.0977420210949811,0.278040304399347,0.134271156786803,0.105004304427463,0.120117475106292,0.111030070158828
"167",0.0738451734007282,0.0889402684310263,0.396727478507681,0.100109130741242,0.0767552842935882,0.0969856648760918,0.166636999749643
"168",0.29445417921232,0.0780444120326884,0.0887013201152324,0.106630992394622,0.090073576974714,0.118846975449469,0.223248543820953
"169",0.0746587996039834,0.468777125093779,0.0974688702206659,0.0957630132365685,0.0893998835968869,0.0926835181189561,0.0812487901291606
"170",0.502139827518909,0.0689600509430887,0.0780226299795824,0.0932306528397123,0.0765888290485564,0.100096759216549,0.0809612504536031
"171",0.119209606415461,0.114568296847713,0.11984529408824,0.183792472306623,0.136384179421074,0.196899195055619,0.129300955865269
"172",0.0725635386589545,0.460008556194583,0.115973009782233,0.0941501734105721,0.0861745889840896,0.0914011175394843,0.0797290154300831
"173",0.134822272437605,0.109772110810854,0.162189325795849,0.209448965627883,0.112563803198008,0.152373261726237,0.118830260403564
"174",0.0902117975890465,0.0706885525883958,0.110025455750887,0.12980683505652,0.0890797489470344,0.102193452288714,0.407994157779402
"175",0.0961572653424118,0.087642163441779,0.098232083433408,0.130915576283938,0.344028779891999,0.138429694637913,0.104594436968552
"176",0.118811039766542,0.106428823915609,0.125792380812184,0.206533863907346,0.148560987574461,0.165004254331144,0.128868649692714
"177",0.0743787859777074,0.471516116515755,0.0969716589645064,0.0950328415489386,0.0780426276457528,0.10233445524532,0.0817235141020193
"178",0.0811683756298368,0.0600675281148084,0.188786814180021,0.0775902408584492,0.0939614112007288,0.0848475655428237,0.413578064473332
"179",0.0871802923568872,0.0783549081681468,0.0887085918314565,0.104688326073582,0.102211363627089,0.121537816966423,0.417318700976416
"180",0.0917361969692781,0.0832435637576251,0.161920927960676,0.350115096918837,0.0954795555807345,0.116681473547799,0.10082318526505
"181",0.116754126985555,0.10005701916074,0.144869058793177,0.147722403347679,0.169470942366801,0.199973058026542,0.121153391319507
"182",0.0958364325464074,0.278219311947399,0.125912442798718,0.124952121591652,0.145257596124895,0.124522042781943,0.105300052208985
"183",0.0736556120961593,0.466931635393741,0.108453728218804,0.0998689776399297,0.0766611800064422,0.0923186400801278,0.0821102265647961
"184",0.103090990492514,0.08078048656138,0.0906595856058525,0.406736309100814,0.0932313689709614,0.127688732157025,0.0978125271114523
"185",0.0915303435124791,0.0803553120479785,0.0897157493402338,0.113587237578259,0.403510804688457,0.124002845517225,0.0972977073153674
"186",0.100295525501953,0.13885438194194,0.100084538335786,0.12371716692497,0.298096836280923,0.130408779099777,0.108542771914651
"187",0.101341902390332,0.0919600047925884,0.113157414112439,0.340169295738666,0.106255859951578,0.135735132967979,0.111380390046417
"188",0.100745153664462,0.0894209545419977,0.132425935149902,0.360458125362023,0.0904245077773124,0.130938521718086,0.0955868017862164
"189",0.0728489635848019,0.46181797605568,0.116429183617318,0.091012619798502,0.0865135522723371,0.0913350792831964,0.0800426253881638
"190",0.0731123862253285,0.459465004367236,0.121257776705877,0.09184340137097,0.0855995834873083,0.0883672669352131,0.0803545809080665
"191",0.075114692994325,0.470072544930448,0.0974216410788235,0.0937622640341085,0.0896469314505641,0.0925086122802158,0.0814733132315148
"192",0.0838286881243652,0.360834654945146,0.153364773607921,0.0947374216650557,0.118830545078774,0.101634414786502,0.0867695017922358
"193",0.0747230601663829,0.413154474276588,0.108810966177427,0.0973149039024033,0.135025378625238,0.0888464156543514,0.0821248011976094
"194",0.462098228904521,0.0695786545344411,0.0745284504046278,0.0879114593354858,0.127115384747624,0.098524516288952,0.0802433057843475
"195",0.111790348986876,0.101441168816848,0.114999454381454,0.154844460912505,0.133660213222722,0.156032504786193,0.227231848893401
"196",0.0894367011401877,0.320404512785468,0.116603479982534,0.12759719517763,0.135557635731834,0.112132112627211,0.0982683625551359
"197",0.0963399181054214,0.0874210876421961,0.17970517523188,0.125444015892538,0.100949828119266,0.304286719239835,0.105853255768863
"198",0.0747996297032025,0.45843920555638,0.110278791918819,0.0932243979344831,0.0906424661739654,0.0904065533337513,0.0822089553793988
"199",0.0925007768014538,0.0835208801275191,0.0892020396954895,0.106092871112377,0.0914905621622987,0.118232207490593,0.418960662610269
"200",0.100804259082742,0.0914721347213097,0.131423982059498,0.280513954429415,0.152787243477785,0.132239986434855,0.110758439794395
"201",0.0775984521441527,0.390923499343437,0.147668363220497,0.1182945403139,0.0830401931516676,0.0966885806372782,0.0857863711890675
"202",0.073472241942898,0.065103309529288,0.101548121801584,0.0950914215703149,0.506423079961843,0.0821211687902891,0.0762406564037836
"203",0.150614923021246,0.11125009880464,0.141305913401277,0.187296756589569,0.128397332712651,0.155913159568602,0.125221815902015
"204",0.10270471955082,0.0957536082877201,0.262183838243619,0.204634408805175,0.1043827017484,0.119998860663661,0.110341862700606
"205",0.0762219790379091,0.0705313223644022,0.0764334749431829,0.0963717033328014,0.154008336442144,0.0973757081967143,0.429057475682846
"206",0.0741519204369228,0.468516015180542,0.0970990532479467,0.0952343357505929,0.0877683132127839,0.0960268278009299,0.0812035343702817
"207",0.0873834050210677,0.0748866293317877,0.108778064642368,0.100070316584695,0.122527067968111,0.102957760285438,0.403396756166533
"208",0.0773330097580306,0.0720450373926149,0.0790502594156957,0.0926396524825567,0.0796139249818128,0.10780974611737,0.491508369851919
"209",0.0772670851842459,0.0692144856210764,0.0772771492566175,0.495049042545439,0.100702211561306,0.0966821157839717,0.0838079100473434
"210",0.0950391754817461,0.0862407634615192,0.12390772976378,0.376782956436622,0.0989173144031193,0.114687992546881,0.104424067906333
"211",0.402948972584664,0.0815088339980794,0.0910036428658282,0.11007664803768,0.0962672717766737,0.119500188865867,0.098694441871208
"212",0.177241212547906,0.0963052929805681,0.102287585178819,0.270831073250281,0.10535362164451,0.136613002426068,0.111368211971849
"213",0.115074132501784,0.103081368611359,0.156785884485522,0.214037090167325,0.11995012388925,0.166255995150053,0.124815405194707
"214",0.0725346368690242,0.455439663128044,0.1130395315658,0.0889140749920284,0.106109336269375,0.0850256255940976,0.0789371315816305
"215",0.0783301289561818,0.0710785851095461,0.1021232391997,0.464225428838038,0.0978299520739287,0.100347623025563,0.0860650427970433
"216",0.457718993638876,0.0609485611911153,0.168170454541519,0.0807394569087114,0.06981354561995,0.0889287128055424,0.0736802752942859
"217",0.0987078459323158,0.182672053757903,0.170695147682554,0.143572069010209,0.115522675799574,0.18176653053317,0.107063677284273
"218",0.0707213005533255,0.0641741568336921,0.103498356791026,0.0872122027056597,0.511372264507924,0.0853168579130789,0.077704860695294
"219",0.100966104435396,0.0735732104290797,0.0847557023091954,0.098276500208187,0.0919121157986256,0.108183455253159,0.442332911566358
"220",0.0724210777752247,0.450779768230068,0.112862558641936,0.0891366576139395,0.10649779756429,0.089488591332365,0.0788135488421769
"221",0.0730301477399143,0.462966573038944,0.114907700808291,0.0904638256529824,0.0919592340022694,0.0864308177101492,0.0802417010474497
"222",0.489452492163251,0.0696476971586778,0.0791580398910956,0.0995584395015328,0.0797779732267185,0.0980492546324064,0.0843561034263174
"223",0.112812115850533,0.101055094181448,0.114918776833103,0.148426043720315,0.165846815777886,0.23457924966548,0.122361903971235
"224",0.0739349321182716,0.468702353890423,0.097453323675568,0.0952502775172338,0.0946432141707673,0.0887800678975825,0.0812358307301542
"225",0.357947955829634,0.0916318540163551,0.239196821598236,0.0846597687978691,0.069915101176218,0.0833168647410455,0.0733316338406418
"226",0.0604962918300782,0.0543721667215161,0.372830213208745,0.0729926583030092,0.0627864630039195,0.0778542463462856,0.298667960586446
"227",0.0800011496132675,0.0755310257569562,0.468988472930765,0.108498137091048,0.083642682931211,0.0948959387300964,0.0884425929466563
"228",0.119983449513823,0.109014154790091,0.115689256762515,0.195542258308984,0.186777153164133,0.148489333601975,0.124504393858479
"229",0.103596794662158,0.0959788658679659,0.222322745673371,0.117891707782242,0.235195786190509,0.117483668655719,0.107530431168035
"230",0.168986664612077,0.112517413800473,0.127876393498223,0.150665018858893,0.130009068506055,0.173666267355633,0.136279173368646
"231",0.0991509092737396,0.0992146883780364,0.241366971630517,0.127175806645282,0.19828560944243,0.124273994151453,0.110532020478543
"232",0.140870837599902,0.102638379415838,0.102580564259074,0.303627041308729,0.104696956258504,0.134912163300236,0.110674057857717
"233",0.119292075876628,0.107390535810458,0.119443907979674,0.138240437471044,0.233676339204006,0.15379404555234,0.128162658105852
"234",0.12328849167769,0.122734000138404,0.124906939979273,0.20092417787364,0.128319363375693,0.164364090100453,0.135462936854848
"235",0.298172476982064,0.0715159860503124,0.122139883508566,0.246313952300954,0.0780924939218607,0.101214448365836,0.0825507588704076
"236",0.101910635355567,0.0790800535244719,0.0887511970699721,0.433459462320692,0.0905822683335731,0.110462814574866,0.0957535688208583
"237",0.501624810632264,0.0677220733006672,0.0757682424114136,0.0897606280181046,0.0838465175741267,0.100399515060472,0.0808782130029522
"238",0.10682092266085,0.142183081101243,0.218457907974046,0.127643377255468,0.13111153530936,0.159947762278252,0.113835413420781
"239",0.447864983357706,0.0727314201560778,0.149304172693645,0.0928627907436944,0.0741690949724495,0.0841606209080552,0.0789069171683719
"240",0.0717541526128358,0.450539059746558,0.103155893011271,0.105770259735256,0.0861226247908065,0.103430428444804,0.079227581658469
"241",0.0953472687357567,0.0865203344627251,0.0971013917192779,0.363813527640409,0.124748841362885,0.127706051442904,0.104762584636042
"242",0.0724749824456308,0.457920574081302,0.0949031682277,0.0942331352249109,0.107245824111353,0.0938551910479801,0.0793671248611235
"243",0.122805126760222,0.0945745491219557,0.107553536584028,0.12427212303519,0.124612665139008,0.139029011104888,0.287152988254708
"244",0.151590755211469,0.125381760152122,0.127915709992913,0.158663210317893,0.142252468701492,0.15618797692326,0.138008118700851
"245",0.0731723808119996,0.459842032316261,0.0961358114929362,0.090525389157208,0.108638779112585,0.0912876278120621,0.080397979296947
"246",0.0743245728788352,0.47117243855021,0.0979669075265095,0.0928059143704058,0.0893411516356216,0.0927250674497792,0.0816639475886383
"247",0.0753579590104701,0.473167095710686,0.102583200618207,0.0942515112990698,0.078315888198357,0.0931176089157304,0.083206736247479
"248",0.28013788611046,0.0552047032058329,0.0627807493769017,0.0992437256482872,0.0675777562923101,0.0767549529659895,0.358300226400219
"249",0.082489041191134,0.07958083965918,0.084468873285239,0.100971214049416,0.457385885194104,0.104469508902234,0.0906346377186927
"250",0.0927522905785527,0.0782779003941477,0.433730814179526,0.10867376215116,0.0896634418171853,0.102092932424286,0.0948088584551422
"251",0.0737457703316046,0.46344542199797,0.101355257596573,0.0960882189222068,0.0893653955143751,0.0949492303508147,0.0810507052864556
"252",0.137499826241676,0.129272104830916,0.123884364325593,0.152086827631754,0.157847054332022,0.165495406031554,0.133914416606485
"253",0.119634543329963,0.108559173633906,0.123853498524491,0.167901581869306,0.179188731230216,0.169414301609439,0.131448169802679
"254",0.123459236729534,0.0845643066559931,0.161696434383295,0.16121722052959,0.0968642075410997,0.115439311865178,0.25675928229531
"255",0.112363700261017,0.101622657251652,0.158173831112857,0.187038825448551,0.116403699765975,0.15694674585604,0.167450540303909
"256",0.505047497960554,0.0704126456605544,0.0774722139056349,0.0906284222678527,0.0776579864244091,0.0973511724066857,0.0814300613743096
"257",0.104663167797867,0.0932154772238609,0.35586490860387,0.125934193894853,0.10023497538469,0.114129932568992,0.105957344525867
"258",0.428047714286912,0.133333399020029,0.099038431494137,0.084514979061087,0.0934896346151468,0.0882276310103555,0.0733482105123327
"259",0.478064464483373,0.0650042167383579,0.07373695693493,0.0957266334382032,0.111209244188943,0.097548550880397,0.0787099333357957
"260",0.0971137146631057,0.0908466117909154,0.0991507118377698,0.380139109257386,0.0996458624258144,0.127769390648813,0.105334599376196
"261",0.0716918062096179,0.181231456108657,0.35436375377098,0.087758161675528,0.0748726862389347,0.0891433271593059,0.140938808836976
"262",0.0749416341519793,0.446149112708048,0.124794852866692,0.104329085370265,0.0778949546715334,0.0895484180373285,0.0823419421941528
"263",0.40595654521755,0.0647812208399773,0.121445432825027,0.0846662489328943,0.160422437612592,0.0842881943703314,0.0784399202016272
"264",0.093725453128542,0.0802628912901477,0.0912862363246149,0.104512370867982,0.145881733201776,0.113936775037443,0.370394540149494
"265",0.123989434039608,0.0971561798207475,0.108826207152199,0.202575249625091,0.112259818382434,0.23755218212093,0.117640928858991
"266",0.0756187464400114,0.199242165002237,0.109313332673659,0.0911350536981315,0.360467423871505,0.0857552376971786,0.0784680406172773
"267",0.128823905620576,0.0899790792977039,0.156952012113018,0.292465870196282,0.10320512619958,0.119623423233845,0.108950583338995
"268",0.0545004506520134,0.345499600484176,0.0718368152331394,0.0678361131605229,0.056724379025072,0.0679930979353178,0.335609543509759
"269",0.0982836061379683,0.0642881341464758,0.0731077814615678,0.0880753426743603,0.512019368688564,0.0863828975073932,0.0778428693836705
"270",0.0756912172266897,0.46109251180967,0.114071880891671,0.0921084799257452,0.0863776491844907,0.0907413735610166,0.0799168874007171
"271",0.109300875008553,0.0991821620923063,0.163064784190318,0.241131088213599,0.135328795622431,0.131898218548372,0.12009407632442
"272",0.0755698024746097,0.0667334140563853,0.0753067415944122,0.0956200528642492,0.517085515301349,0.0888807530397676,0.0808037206692266
"273",0.0880444173174225,0.0754531096927778,0.168012654880062,0.0994338460321912,0.105413875443085,0.105770702259099,0.357871394375362
"274",0.111243309835482,0.102418014586971,0.114793320462413,0.146080508274349,0.266703342328271,0.136533182544203,0.122228321968311
"275",0.121673611231001,0.11405272597536,0.125556474960298,0.160166334241436,0.174282870027353,0.170579392757751,0.133688590806801
"276",0.112418588709665,0.100989587135288,0.114774982356384,0.138924588247623,0.146821968890798,0.148568618256261,0.237501666403981
"277",0.126211294731761,0.0993357308819304,0.160128397243311,0.256021984584152,0.10562978975431,0.139382782953422,0.113290019851113
"278",0.492898285476526,0.0684750881138509,0.0732783914908712,0.100088598992563,0.089045740690859,0.0967426815381576,0.0794712136971726
"279",0.361924381453326,0.0902815094518277,0.0991386848485724,0.125635282828299,0.100109596227109,0.117085737661642,0.105824807529223
"280",0.172696416282188,0.211674216810691,0.18250477811686,0.112535332484839,0.0969049040359196,0.121247191350636,0.102437160918866
"281",0.392186997428211,0.0863583639761594,0.0958682532130118,0.110036190906684,0.0953239065009261,0.112558934572214,0.107667353402794
"282",0.0893219954128724,0.0810528609835422,0.363782061906359,0.124688443319687,0.0928420211620493,0.106204685860797,0.142107931354693
"283",0.0926779030940596,0.0818410618862131,0.366598210568171,0.145903874587558,0.107301742011038,0.106740139408564,0.0989370684443966
"284",0.0820109749889212,0.101595647396223,0.364393419580369,0.092944925664565,0.0879573632624825,0.0916650552865344,0.179432613820905
"285",0.0783095050895191,0.0751478226298492,0.458081033383706,0.0960660026516937,0.082012492009149,0.0926789109542634,0.117704233281819
"286",0.104403282205531,0.0832688401039164,0.133947025989914,0.110260481651542,0.35177672936468,0.115518106859304,0.100825533825113
"287",0.108503318097797,0.0850215017586888,0.0948682136513304,0.334109764539341,0.135764163187334,0.137282605293539,0.104450433471969
"288",0.166544029195825,0.0606939052367642,0.400132131036659,0.0841425985766833,0.0756052302191861,0.0831337879578702,0.129748317777013
"289",0.0864672636794033,0.068865895577941,0.0759257519329838,0.0870580214970658,0.0959507328519816,0.0944991588272544,0.49123317563337
"290",0.0735371035577101,0.466180363574915,0.107083988131468,0.0950771000431736,0.0891125323508887,0.0870307974066308,0.0819781149352135
"291",0.0747875973207463,0.0982720731535866,0.0734496111787781,0.0890807630982458,0.498805926828478,0.0867929985004522,0.0788110299197126
"292",0.072860500549094,0.246675900500697,0.295376163536658,0.123492238947946,0.0929038912912807,0.0882951236132164,0.0803961815611083
"293",0.0743536743764847,0.111987088519039,0.47312192042102,0.0987501797052357,0.0772838244155805,0.08799720492146,0.0765061076411799
"294",0.0756311033994539,0.479455044794632,0.0989247913157945,0.0935797824011819,0.0793566332584411,0.0899531499413345,0.0830994948891617
"295",0.0863884694002732,0.0821050953772182,0.437251848223062,0.0996105679940974,0.0989677823277459,0.106007541880126,0.0896686947974771
"296",0.0786560557697476,0.0797112357611389,0.459916276771581,0.119760212785487,0.0824197847231575,0.0930890519658472,0.0864473822230411
