"","X0.1","X1.1","X2.1","X3.1","X4.1","X5.1","X6.1"
"1",0.000650096132762722,6.99592080198605e-05,0.00124459535205807,0.000824930004807456,0.000155318969428949,0.990095762382328,0.00695933795059469
"2",9.28275926743098e-05,0.945615419743287,0.00239028115312316,0.00848940035762167,0.00325717061852951,0.0383143884876215,0.00184051204714248
"3",1.27689302084027e-05,0.989083018183155,0.00368074556846033,0.00229648131747554,0.00040327931103027,0.00141876069516386,0.00310494599450684
"4",5.13145853022812e-06,0.000933476439759652,0.997794355533754,0.000301579409426779,2.91030772565046e-05,0.000824124296720201,0.000112229784552372
"5",0.00263711842238827,1.38881298403735e-05,0.00024961302429204,0.000133929124884549,0.000288046339532488,0.000183053458951429,0.996494351500111
"6",6.62705951312258e-05,0.000159725753142485,0.0272203137092523,0.000343050607118474,0.00209502579019295,0.00150180932712169,0.968613804218041
"7",0.00468901186271523,1.5575698987272e-05,0.98240424258604,0.0122454320490237,0.000172231691499004,0.000334923546163329,0.000138582565570993
"8",0.000122596651975109,4.28747117349555e-05,0.000589572121565644,0.00138255849788929,0.995252110640963,0.00246192786005998,0.000148359515812026
"9",0.999940963650888,1.50611704466125e-11,5.57422045614199e-07,1.56286924793699e-08,3.28217760702896e-08,5.67121335264526e-05,1.71832800975247e-06
"10",0.0161636530138052,1.76927788090694e-05,0.00109698512825122,0.000975317984635365,0.00468594555634619,0.00545710883395954,0.971603296704193
"11",0.0039286533114779,5.82245901549419e-05,3.31408717922213e-05,0.00025409315786457,0.0638895652012682,0.922170898652876,0.00966542421456654
"12",9.90602141569218e-07,2.58369439224005e-05,0.000518889397765111,3.72024551565826e-05,0.000121176657838291,7.13812315188391e-05,0.999224522711657
"13",0.0103347338120306,2.86077837990145e-05,0.00909579577181043,0.000409135321032423,0.97452121775777,0.00281829000681829,0.00279221954673964
"14",1.05165907300692e-06,0.992385289836333,0.000648201566952194,0.00439783010973388,0.000893278861889881,0.000896914003420405,0.000777433962598053
"15",1.0595074111062e-05,0.00462271390070981,0.00107256720977883,0.979458700858058,0.00119090058627531,0.0136388558216403,5.66654942681104e-06
"16",0.00887562744357151,0.00089401404183084,0.0245740194833577,0.275154860100894,0.0822698043313941,0.135861476054169,0.472370198544783
"17",5.46494603657001e-06,3.33581766643262e-05,0.996522159363171,0.000453671914330051,2.95934641012239e-08,0.0002101019503106,0.00277521405602361
"18",0.000167861736284303,0.0505425260390491,0.00602547474542455,0.00800100520403269,0.896826422008082,0.0316565804267681,0.00678012984035942
"19",0.000307206753463487,6.22232732654566e-06,8.49158537932231e-06,4.4786798844518e-06,0.99294880575705,0.00378340254922207,0.00294139234767378
"20",0.00261942744385505,2.81340940628281e-06,3.45962847425215e-05,0.0250833229348334,0.0262005348205427,0.946030297451351,2.90076552692656e-05
"21",9.36643805041395e-05,1.41604115346508e-05,0.00141301899905234,0.000207447097086268,0.993202857921786,0.000208668760358018,0.00486018242967884
"22",9.00490767895257e-06,0.000100288825425353,0.0012343754893111,0.982339730011609,0.00070245636670815,0.015178327795844,0.000435816603423872
"23",0.000572150336946009,0.00074397932385848,0.0614460608537177,0.00609371754908729,0.00134811166729452,0.0132775979926671,0.916518382276429
"24",0.855940659122017,2.85185165827564e-06,0.0822928785207609,0.012249167674377,6.83916248825627e-06,0.0494964622046587,1.11414640399877e-05
"25",0.28118550395176,0.00232578625387478,0.442106368761737,0.186765412172134,0.0270161230778532,0.0401732723412816,0.0204275334413596
"26",0.00333594465225101,3.32227343733851e-05,0.017066010196888,0.000167324655787991,0.877055523507396,0.000260000102877897,0.102081974150426
"27",7.38176772428848e-05,3.9132678353033e-05,0.0043856425612337,0.000265954435191054,0.00135337352399129,0.000678077024151358,0.993204002099837
"28",0.00358276268596235,0.000111379418427376,0.000385095197724399,0.818288883021099,0.0128990479629128,0.162345757440093,0.00238707427378079
"29",2.63582560007886e-05,8.40591013624645e-05,0.976646628326886,0.0229377515273715,6.36060581787976e-07,0.00022313861140027,8.14281163970635e-05
"30",0.00580310096092076,9.88407499673917e-05,0.000102721898677559,0.0278905074083367,0.000235995376505286,0.96586817589984,6.57705752505178e-07
"31",0.00310494501031469,0.0143600634516134,0.00521214600439311,0.0258696641047632,0.0058590034737435,0.332079378054683,0.613514799900489
"32",0.00138786375330346,0.000366842927602725,0.00209002233540922,0.00405721368001779,0.962781660569095,0.0251504464399305,0.00416595029464125
"33",0.981710167918556,1.02144393321252e-06,5.58373358146938e-05,0.00344190451004902,5.86112207298922e-06,0.0147820695878113,3.1380817629024e-06
"34",0.968610235057404,2.37116164146596e-05,0.00148333272862294,0.00774637105415647,0.00174212534360888,0.0182903958403049,0.00210382835948832
"35",4.59473944241394e-05,0.855746932546487,0.026594234381709,0.0475890785763029,0.00279713325658351,0.0650910395804152,0.00213563426407786
"36",0.000294393144151687,4.53839407826772e-05,1.68276896149723e-05,0.00190706037393377,0.963065839239068,0.0341125588548975,0.000557936757551567
"37",0.847185247564616,1.48897487938977e-08,8.0856045310777e-06,4.83727728435824e-06,0.000267090004183852,0.152426527053853,0.000108197605783136
"38",2.36496544496379e-05,0.00316782356879022,0.00083768093901427,0.000145996384477,0.993093048349507,0.00205752676028225,0.000674274343479784
"39",0.000149209484211852,0.000796959760341788,0.00361510915020069,0.00629041149981057,0.00343612578882954,0.0113290524851981,0.974383131831407
"40",0.721817910125113,1.29647097690073e-05,0.000399593558154742,0.00457918519311358,5.69372619129827e-05,0.273109101902086,2.43072498512845e-05
"41",0.00384942091104121,6.35819024035687e-05,0.00894268314521458,0.000174740282452897,0.960966352955251,0.020803205631566,0.00520001517207044
"42",2.7939827325654e-05,3.59951118629998e-05,0.0294118095048436,7.08160520911249e-05,0.0204780792947285,0.000515609337766548,0.949459750871382
"43",2.81417100698459e-07,4.2154007416642e-05,0.998269557253111,0.00120884443282111,2.1104286431682e-06,6.16802822611086e-06,0.000470884432681359
"44",6.65196205214927e-05,1.99318798649307e-06,0.0788050843207473,4.20298935687507e-06,0.00200121627206868,1.76646223048225e-05,0.919103318987014
"45",0.00253227420163321,0.512327617207871,0.0810886944797731,0.371384324577133,0.00272849304751442,0.0296716420242767,0.000266954461798191
"46",0.000639709941172507,0.000711945957781074,0.991234969868305,0.0040041020738365,0.000127004706236034,0.00139938538567107,0.00188288206699787
"47",0.00162485201969462,0.00810782732451788,0.0011357944132863,0.959123961218354,0.00150485405165771,0.0284428903338418,5.98206386475449e-05
"48",0.000331936918453791,1.87039153764592e-05,0.000151326060286452,7.12350070454019e-05,0.000852838135684871,0.998471721895503,0.000102238067649584
"49",1.51324413884579e-06,8.89746862564011e-05,0.000233067575299502,2.39670366045917e-05,0.00366310846318529,0.000134758214373294,0.995854610780142
"50",3.65345631817832e-05,1.37455846928071e-05,0.00620401685653768,3.89774421732641e-05,0.000531237700400597,8.78970129319885e-05,0.993087590840082
"51",0.00478963969147489,0.0331685564399784,0.0539914058844149,0.00439595080546923,0.0177955284172533,0.869830647076042,0.0160282716853669
"52",1.21675560563153e-05,4.1604755687686e-06,0.00106711089365841,0.998168276590619,1.26193315982247e-06,0.000746966521858656,5.60290786105281e-08
"53",0.949871907078092,6.83760804203877e-06,0.00143078258253531,0.00728185237387786,0.00140609196273656,0.0393363136706472,0.00066621472406901
"54",0.00489884027255744,0.00482849243350534,2.87980852470818e-05,0.00385309624144192,0.970495709200217,0.0146901843330809,0.00120487943395017
"55",0.999804481700596,9.52268789123283e-11,0.000131333044464937,2.53124872962225e-06,1.64160998607413e-08,6.14788162809616e-05,1.5867860122091e-07
"56",3.19982123495043e-05,0.956403663210152,0.01177155402552,0.00298047269141894,0.005360045957337,0.0129935776348596,0.010458688268363
"57",0.995938471782332,1.04972045107068e-06,0.000881368702917078,0.000231238657133586,2.48802320951576e-05,0.00196240712342987,0.000960583781641076
"58",9.17315534900493e-06,0.000697699595361979,0.990831646315415,0.00520340098360224,9.56734940640243e-07,6.98321258776955e-05,0.00318729108945351
"59",0.88412120914514,1.22905603671696e-05,0.000767468260915299,0.000808902670578333,0.000167101766712309,0.112438741207509,0.00168428638877824
"60",0.000408020210367297,0.000345400626750619,0.0109750711172278,0.000558117638703019,0.00119189856258651,0.00411836249107214,0.982403129353293
"61",0.00265250503021025,1.26735645090209e-05,0.000313849212868658,3.4579467951254e-05,0.911199066778857,0.000129271169736722,0.0856580547758667
"62",4.68952801372425e-05,4.37843786834694e-05,0.00711044274334269,0.00117103569669781,0.982400529988155,0.000576533013204295,0.00865077889977971
"63",0.000414297061988877,8.27944945293617e-05,0.599707574215583,0.39962958937269,1.4401892101603e-05,8.81084075952537e-05,6.32345555119893e-05
"64",0.00159932825939411,5.91312573765099e-05,0.94693825398846,0.00119478068962945,2.2529071842612e-05,0.0493093075368936,0.000876669196403898
"65",0.000429665147923595,4.41771465169058e-05,0.052965397655199,0.000508034924100486,0.0638656796290164,0.000743910210476309,0.881443135286767
"66",0.00108606439352203,1.01543488026888e-05,0.000296089799072344,0.0257940402643944,0.00332087656143355,0.969472137875962,2.06367568128694e-05
"67",3.46512341420922e-05,0.895076476948325,0.00498934714399155,0.0873154882476472,0.00302267113979838,0.00714204720818687,0.00241931807790902
"68",4.57895334970108e-05,0.000112301153533468,0.000646785298780829,0.000130281750905073,0.998231184247483,0.000462107700650649,0.000371550315149663
"69",0.00074551573163818,0.0153511785098166,0.687062647245077,0.252198702956802,4.03662613445657e-07,0.0136188293442671,0.0310227225497859
"70",0.0003138060698235,0.970036647923787,0.0166867976220435,0.00549330168216638,0.000275140074424949,0.00664388499424928,0.000550421633505496
"71",2.83735227501984e-05,0.00212135977355012,0.000214139720827119,0.00270647762371136,0.98129517569074,0.0134048364581433,0.00022963721027841
"72",0.00181438284107436,0.000483721534804352,0.0166026739119154,0.0122695497998041,0.0015683548588543,0.102250307340181,0.865011009713366
"73",0.968889738241522,2.00404864694429e-08,1.46890138659027e-05,7.01964804801636e-05,2.10472042899846e-05,0.0309992751230163,5.03389633928806e-06
"74",4.45834775020905e-05,0.0322613276887911,0.947637043500928,0.0120368553998989,5.92419632893998e-06,0.00635700091509547,0.00165726482145506
"75",0.998329909175143,6.37145934766633e-10,6.65538442859637e-06,1.32720391190448e-06,4.28363449929873e-07,0.00165787771663002,3.80151929077351e-06
"76",7.61470407316737e-05,0.000136802483626763,0.167684474790208,0.819150707809266,0.000119267021136535,0.0128300939941783,2.50686085244618e-06
"77",4.54795097789731e-06,0.994205449421243,0.00130099684685946,0.00386566074837943,0.000147368437754797,0.000226385590852076,0.000249591003932891
"78",0.000122374629708146,0.00206686045183055,0.98740451361965,0.00386936806848483,9.29580263963864e-05,0.000291252245693564,0.00615267295823619
"79",7.33606844936391e-05,6.46130796023159e-06,0.00414861404464141,9.41150839244027e-05,0.00251503421948523,7.50875461056882e-05,0.993087327113389
"80",2.99160401727274e-05,3.13912707838268e-07,0.000448190682920575,0.000115641224286853,0.995625356100752,0.00355335509223127,0.000227226946929084
"81",2.83048376414174e-05,2.98261914196755e-05,0.000262926791532785,0.998912520064136,1.54435948819656e-05,0.000749961020947178,1.01749944132626e-06
"82",4.91325231212121e-05,0.00872512759263154,0.140690875258358,0.0236686985330728,0.0235973714358755,0.0441142141696939,0.759154580487247
"83",0.996929892598338,1.16935708877788e-06,0.000267436926633455,2.58444760418284e-05,9.9027924782378e-06,0.00256656612545062,0.00019918772396965
"84",0.00168659908059409,0.0214413922242765,0.82555808799131,0.14058166126504,9.22122473207639e-06,0.0105674449653084,0.000155593248739657
"85",0.00884476507843659,0.0102004185065374,0.00808918970810752,0.430149205238573,0.0140518858438243,0.514642918231405,0.0140216173931158
"86",0.0154533914669123,0.0016655694131092,0.939612534843324,0.024149591934761,0.000619496510127263,0.0183010795473812,0.000198336284384419
"87",0.00413719905952482,0.00238553228240746,0.320392367835292,0.638971552859791,0.001326920234472,0.0270458424104437,0.00574058531806894
"88",0.000372816018029767,1.02959813733763e-05,2.78755159278761e-05,0.00595280809579844,0.986776401073665,0.00512386820559819,0.0017359351096077
"89",5.39946775775251e-05,0.938023141265118,0.0360573285963812,0.0166744871593807,0.000517065990398862,0.00123658438483911,0.00743739792630487
"90",0.000301101854670798,0.934923665173528,0.0373210099154304,0.0112337082819814,0.00104325376532639,0.00204233002243558,0.0131349309866275
"91",5.47857844927156e-05,0.979555657617201,0.0108988465893003,0.0062330195793224,0.000244575829378196,0.00202619102595732,0.000986923574347642
"92",0.000216389139585006,0.0454139745318323,0.0136949344162105,0.00432722371535183,0.00033723961242557,0.0267473689465883,0.909262869638006
"93",2.07830316215522e-05,1.00070869173919e-05,0.0373281612817628,8.91880908899604e-06,0.0112102730168914,0.000192478051218891,0.951229378722499
"94",1.65082235022742e-05,3.88096032957564e-06,0.980557852106531,0.000263811259544373,7.45718501555457e-06,5.34810619446639e-06,0.0191451421588826
"95",0.0601067881919384,0.00322427220385034,0.000429468345137384,0.126241234134477,0.00195162128283334,0.804554987651573,0.0034916281901907
"96",0.00226082413202758,0.00312394298757951,0.102216221547435,0.00128220417227424,0.794587407858648,0.00789534642563755,0.0886340528763981
"97",0.00164355385031655,0.000119323612303296,0.000438165525245735,0.023361755245941,0.00239449575375989,0.971712625108586,0.000330080903846994
"98",0.00107870048075663,4.1806878028587e-05,0.00049708521195923,1.59846830919771e-05,0.989336059889748,0.00463531004656,0.00439505280985499
"99",0.981844346286015,1.60618148649487e-08,1.54747709915471e-05,1.29548161230519e-05,4.91635046228895e-08,0.0181140482124642,1.31106890867421e-05
"100",0.000535409894061895,0.00161507006591885,0.00393745441347148,0.0112225614536088,0.977587908318364,0.0031020448267625,0.0019995510278131
"101",0.947895381430751,1.57946694813461e-05,0.000799647423447228,0.00809371337050182,0.00115908241610609,0.0400774085478412,0.00195897214187098
"102",0.00580047822608199,0.0528502257465985,0.000155587327309051,0.0025815736313698,0.644626792700524,0.018635953482645,0.275349388885471
"103",1.61872986805326e-05,0.991508110658607,0.00243613308738261,0.00361701294072141,0.000154989210274631,0.00109505162428553,0.00117251518004822
"104",8.37558331147775e-05,1.42990666158714e-05,5.00375598006524e-06,0.000135848012017195,0.9908931691031,0.00818760401796942,0.000680320211202773
"105",0.00288383035142891,0.00110552847998537,0.344443058776079,0.615277055500319,0.000467124997923738,0.0353075706573059,0.000515831236958381
"106",0.0022111403574734,0.000856454083771114,5.73134044484402e-05,0.00106207631019585,0.000895070035096573,0.994229285085916,0.00068866072309885
"107",0.000403640337661662,0.00133985018451091,0.00264963634547923,0.697935113735164,0.00671344549267024,0.282567584586444,0.00839072931807025
"108",2.80369997658389e-06,1.6605889707139e-06,0.000987786745914313,0.998703215199015,9.18562936758019e-05,0.000206239703423068,6.43776902452632e-06
"109",0.175004558054248,8.49870354612452e-06,0.0552320547074061,0.0208228721782182,0.0286354733350542,0.0101519537566708,0.710144589264856
"110",6.58322727457549e-05,0.000123464041537226,0.000565134012007256,0.00037704228910518,0.987290055850031,0.000686190882425061,0.0108922806521484
"111",0.000117232328358375,0.000180259335575024,0.00979807646412175,0.988224786173792,1.02454142306289e-05,0.00165044976633226,1.8950517589942e-05
"112",0.981807663838146,4.38658715377643e-06,0.00590141106749001,0.010260569368993,4.87451995481327e-06,0.00173150770624549,0.000289586912017223
"113",0.0210770348382553,0.000327409917439781,0.548390932721265,0.000260642040671965,0.389454040149417,0.0140261437088803,0.0264637966240707
"114",0.992668812801178,8.95771442140149e-06,0.000385267327987663,1.25985104220778e-05,7.14322270339196e-05,0.00351947820607721,0.00333345321287943
"115",2.36669485557314e-05,0.000496147836521815,0.000386580216141875,0.988147358469971,0.000109285681376725,0.0105790336100049,0.000257927237427565
"116",0.000847598872597498,0.125027128925488,0.809717457156874,0.0514809552725327,0.00323262995035288,0.00928467455631475,0.0004095552658399
"117",3.68866205113696e-06,4.91658439930208e-06,0.993743595706262,0.00440788581056138,2.37006675866944e-10,5.6231844682957e-05,0.00178368115503687
"118",0.00372496175085088,4.42205803496692e-05,0.00532323035307586,0.000248535140789763,9.03118146968114e-05,0.00630869299798226,0.984260047362255
"119",0.000233286402717704,0.96980218269503,0.018178203130758,0.00410705551144169,0.00021137497647851,0.00576674002734347,0.00170115725623083
"120",0.0022857923238832,0.000246399162286471,1.06248767507454e-05,0.010391872702793,0.00175631989641816,0.98511972922291,0.000189261814958144
"121",3.56674757614416e-05,0.989572459195006,0.00374308686683457,0.00132796976306664,0.0013441977501768,0.00384957164889741,0.000127047300257062
"122",0.9973046446556,1.05666518578981e-07,0.000307079025218227,0.000125458344916044,0.000156882890468067,0.00205414291555494,5.1686501724489e-05
"123",7.50154551865398e-05,0.985041944157536,0.00636098873552752,0.00582280647164448,0.000116191543122719,0.00165383630914631,0.000929217327836151
"124",0.000175570776522352,0.00679387538985901,0.00949735581996315,0.0412970169879527,0.138368670718106,0.013853842261091,0.790013668046506
"125",7.84294072097249e-06,0.987435638032163,0.0042535333279679,0.00347584041533107,0.00252605601141516,0.00150118557725789,0.000799903695143501
"126",4.1785878089428e-05,7.09556122001077e-08,0.00900486763995225,3.16446184277749e-06,5.56295903212708e-05,4.51594979003631e-06,0.990889965524392
"127",0.0998104684885803,0.0120457441965234,0.0535490712195145,0.786269787021014,0.000585561773839193,0.0430798816344362,0.00465948566609257
"128",0.000258737296917077,0.000107396765623646,0.000322295631481793,0.981297258609537,2.42714534343018e-05,0.017986784717727,3.25552527894229e-06
"129",9.11303859173102e-06,1.44954091932252e-07,0.458910237538037,0.541000501806016,1.50292848718604e-05,6.49134049696541e-05,5.99734218857344e-08
"130",5.0570599843596e-07,3.68243148573392e-05,7.68136538659471e-05,6.65400148237744e-06,0.996241476869502,9.29060016915772e-05,0.00354481945260229
"131",3.99026780817073e-05,0.988626987996359,0.00261986235654747,0.00156577156373389,0.000788823108327548,0.00423926314725749,0.00211938914969253
"132",0.00144094494800732,0.00021748095853211,0.00022839065820614,0.980578486559077,0.00030609331007851,0.0172147543130754,1.38492530231818e-05
"133",0.0105764018521533,0.0337892363168444,0.0139545317475688,0.523724489303918,0.00121597048231355,0.416065805163613,0.000673565133589007
"134",2.66188245223579e-05,0.977641269973456,0.019060522314762,0.00103729033676061,0.000413790370619558,0.000867376407833611,0.000953131772045794
"135",0.00135341048786136,1.39472516653317e-05,0.00532218017555377,0.00012780129639849,0.000894793876413505,0.00532759775966929,0.986960269152438
"136",0.0190551768913643,0.00509600644540356,0.00277365979809933,0.00774586668425421,0.00317817514704147,0.813807027870845,0.148344087162993
"137",0.955913317077558,2.0965017082376e-06,0.0309479237941453,0.00024749011984542,7.55238739055612e-06,0.00126574185573724,0.0116158782636158
"138",0.000345756889341862,5.19128794860979e-06,7.21061693833081e-06,1.17409408006987e-05,0.00454457847998787,0.9950527187475,3.28030374829174e-05
"139",0.927535585689758,2.4437554336713e-05,0.0276045655322511,0.00241548050997468,0.00231037171499858,0.013739088737358,0.0263704702613228
"140",0.000743759024308115,0.0281830584571092,0.000294496306836318,0.864936808034344,0.00283084320520087,0.102961740239804,4.92947323974035e-05
"141",0.0342229335039019,0.0718716738893826,0.0649308524667517,0.0157904110252383,0.443394328216726,0.141164536058998,0.228625264839001
"142",0.925337739287005,0.000375832716302876,0.0195420281707825,0.00873034640496655,0.0247505863567963,0.0165986787377663,0.00466478832638042
"143",0.00298543495829609,0.0094079257713554,0.00254821077220604,0.000133506754527444,0.958916853865042,0.0168579503181178,0.00915011756045509
"144",0.995535347009602,1.22532128898876e-06,0.000168352305412081,0.00322075363510785,1.84144780082476e-05,0.00105482295223748,1.08429834388189e-06
"145",0.000739791216104577,2.19017418826852e-05,1.30159879027054e-05,0.000133522170801069,0.00108730353236218,0.997828284372807,0.000176180978140078
"146",8.57984417653583e-09,0.000495041032893562,0.996980653571028,0.00247423132504054,1.7486217754347e-07,1.48152454595591e-05,3.50753835569574e-05
"147",0.000107179560706705,0.980994377070635,0.00471808750929321,0.00339302102314019,0.000232714212187135,0.00673943680610815,0.00381518381792979
"148",0.00169336959373028,0.947671356646465,0.0376183393464496,0.00474983854005894,0.00108146037477438,0.00501153781503403,0.00217409768348807
"149",0.0105252987528322,0.00040881022056029,0.0419419049702833,0.00186861175229528,0.0280978054970981,0.00442764392228857,0.912729924884642
"150",0.00246527819347843,0.00225541636027734,0.00605572049620239,0.945741556780232,0.00152180739434729,0.0402619834086341,0.00169823736682837
"151",1.15993286398005e-05,0.00106485172710392,0.992181470410979,0.00535260853480068,2.53051253029948e-07,0.00017878122309794,0.00121043572412573
"152",3.24527712670682e-05,0.00134777570204677,0.968540145873199,0.0297572422449266,6.50968246510274e-05,0.000233921102741755,2.33654811676751e-05
"153",1.56143459638764e-05,0.954252225095555,0.0137397541317814,0.0129856147524333,0.00334687682844441,0.010304676322989,0.00535523852283315
"154",0.00161259532145736,1.01109050474566e-07,0.0010908395277004,9.26127684758719e-06,0.00231829116870743,0.000182209453037088,0.9947867021432
"155",3.61017800401705e-06,8.43907896628006e-05,7.19162758630731e-05,0.98954885458218,0.00084064686053852,0.0094462586930711,4.32262068067519e-06
"156",0.000363498580283447,0.955151053436686,0.0201283588366869,0.00672475013824495,0.0116327664122522,0.00554794430574048,0.000451628290106295
"157",6.5469164175917e-05,0.000680524319653742,0.000240922931052095,0.0341495999382608,0.946923484211268,0.0159358757876814,0.00200412364790847
"158",0.00425102135254474,0.000307386947368403,0.000163612279893485,0.00950975437530006,0.00230901521237749,0.983285378504934,0.000173831327581753
"159",0.00196218448469132,0.0019455503035065,0.00685544487477919,0.00666273297654793,0.00059466778446144,0.0331063245476575,0.948873095028356
"160",0.000244293426397091,0.134095204386602,0.0151309313093505,0.00448462506567889,0.000443101860375191,0.0239743544773324,0.821627489474264
"161",4.55534042699121e-06,0.985694800499937,0.00299016162334903,0.00225785393351363,5.71173730533295e-05,0.00073136628611406,0.00826414494360636
"162",0.00034974875427975,0.000146321996200522,0.00241152258826383,1.90186578799665e-06,0.981220327178765,0.0111871046928584,0.00468307292384477
"163",0.00222484750327226,0.0119166642878677,0.657151073342557,0.0153759574258908,0.0897541430511623,0.01025591527664,0.21332139911261
"164",0.000255932682328009,7.99197913620243e-06,0.00668233434549477,0.000280509596495878,0.00116662774552031,0.000581000467271715,0.991025603183753
"165",4.3747574990887e-05,0.939158216048074,0.0465532856606578,0.00307404370259478,5.24161402297893e-05,0.00112747522004859,0.00999081565340437
"166",0.000303675060670831,3.2782801506147e-07,0.995216164965756,0.00402680585985715,7.64532990568862e-05,0.000308574472579284,6.79985140644658e-05
"167",9.51576761816196e-06,0.000256274070894921,0.97430096246917,0.0235987137798203,6.60747405968172e-06,0.000166521993513654,0.00166140444492293
"168",0.00210728604492395,4.99993736907123e-05,0.00130962765063469,0.000126430841417148,0.00315672198201746,0.00168616945852585,0.99156376464879
"169",0.000898815469928169,0.96297187540183,0.00962977251066833,0.00494920944843188,0.000302028922808468,0.0158056716413799,0.00544262660495291
"170",0.999914477957476,3.29478686576948e-12,4.6623930476899e-06,1.13826124861073e-08,3.40827002991543e-09,6.28672529406191e-05,1.79776023586798e-05
"171",0.0197941523557071,0.000783431973151821,0.00230471421289573,0.707211104012669,3.03659123200583e-05,0.269874631024983,1.60050827349328e-06
"172",9.22431604316088e-06,0.981848712769718,0.00347580423362907,0.00717701400673719,0.00087238208307934,0.00192717605379377,0.00468968653699929
"173",0.000224326264671499,8.85900707696656e-05,0.000748675058555031,0.00852515824771213,0.00123902514568531,0.989128356853457,4.58683591491214e-05
"174",0.000358358038378366,0.0007405335028366,0.00357838175080186,0.988642552112761,1.68226240130975e-06,0.00618968103493692,0.000488811297884213
"175",5.45016570052998e-05,6.76306325472754e-06,2.67319011586347e-05,9.80755826371722e-05,0.995613877226375,0.00275969586315507,0.00144035470641379
"176",0.000182778175816115,0.00319976605573108,0.005429132648699,0.523180829776174,0.0760058183473729,0.384987406685173,0.00701426831103348
"177",0.000102296226218286,0.97365813249846,0.00229583422006422,0.0149895455518075,0.00078430792975972,0.0076956240416998,0.000474259531990604
"178",0.00133422530654704,6.69590018740663e-06,0.290762297633613,1.92095535575293e-05,0.0073032576326702,0.099036787773547,0.601537526199878
"179",0.000319218307674581,0.00150091884611616,0.0128603317502451,0.00144142498558342,0.00991400344951889,0.0152679189792141,0.958696183681648
"180",5.65178401777344e-05,0.000401204810413359,0.00252906976968225,0.995483411743425,0.000133223419818148,0.00135087950092141,4.56929155618239e-05
"181",0.0186113301383256,0.000325050832248009,0.00103024808230075,0.000296987677287032,0.00756881329689363,0.970619120614896,0.00154844935804941
"182",2.8526350341633e-06,0.967594825586356,0.00561950683077684,0.0195696271312895,0.00131350361857529,0.0044285621422332,0.00147112205573533
"183",0.000583372663042431,0.957888139785828,0.0172338405745969,0.01824359098941,0.000117945433250908,0.00475106833362189,0.00118204222024963
"184",0.00315211541856919,0.000187220000737926,0.00482823482753884,0.464114650500975,5.11072025551046e-05,0.52744558902345,0.00022108302617357
"185",0.00305423277618392,0.000984862990471821,0.000921308302692414,0.00959618767123038,0.92020061770716,0.0598181300192788,0.0054246605329828
"186",0.00125905005889281,0.0617234154285159,0.00149672495408957,0.0296259935382292,0.48576356427273,0.418096682347497,0.00203456940004532
"187",0.000124723826284754,0.000124592587977112,0.0207266848523023,0.97427330331265,0.000244334578972621,0.003881987816568,0.000624373025245335
"188",0.00147549655081363,7.76753781824548e-05,0.000754609563547576,0.0989851186824895,0.00321313878798597,0.895065610729639,0.000428350307341801
"189",3.38904321303957e-06,0.983261262493764,0.00641767694332918,0.00251255075502962,0.00142481003307031,0.000543282634495753,0.00583702809709824
"190",0.000218648894010498,0.972832965351529,0.0189079611882341,0.00157569377283242,0.000390809970988225,0.00574762874119382,0.000326292081212361
"191",2.80965425235544e-06,0.989160661180227,0.00078611692842086,0.00548953666897705,0.000789815958585141,0.00260407747003921,0.00116698213949787
"192",0.000441955401919207,0.368996280613288,0.0176306682970628,0.00206766510303568,0.0113564095330617,0.00278901661881342,0.59671800443282
"193",4.21139881584525e-05,0.980743457461471,0.00821274796265291,0.00585097454602073,0.00280581632505457,0.00160745854325172,0.000737431173391176
"194",0.931192313665254,5.46780107911959e-05,0.00820130608877714,0.00124887658804292,0.00237745555326357,0.0567373010754488,0.000188069018422073
"195",0.00740469931562063,0.000641305652847952,0.000853618011840587,0.0154875490993269,0.00278183399721373,0.0750519157326423,0.897779078190508
"196",4.39526239156394e-06,0.924325305825943,0.0043528463668147,0.0446796438381918,0.012859166922454,0.010109872736051,0.00366876904815376
"197",0.00453063880354533,1.5762938699686e-06,0.000500877452884217,0.000262941065594591,0.0078739181555533,0.986809282080783,2.07661477693538e-05
"198",0.000193000194601151,0.96446060704511,0.0234954162814897,0.0044109432347926,0.000614703619281219,0.00611154538045536,0.000713784244269529
"199",0.000983649066280507,7.13201680185642e-05,0.00164580745111129,0.000294121494457106,0.00105049411127137,0.00662764785605881,0.989326959852802
"200",1.01103021464065e-06,0.00114868464435246,0.0052144779819799,0.974121701419384,0.000874427474508449,0.018448721100689,0.000190976348871992
"201",0.00503337238076776,0.0992953430478907,0.65604527881918,0.19766515120075,0.000644009299173384,0.0412251269040961,9.17183481421967e-05
"202",0.000109830677300577,0.000129384237368178,0.000557982522181103,0.000193559869764211,0.998323437249368,0.000544365837262747,0.000141439606755545
"203",0.0017452004706738,2.30964550398868e-05,0.00725303273644286,0.179465907070197,3.36584174971414e-05,0.81071023120276,0.000768873647388979
"204",0.0181379800584587,2.20216659407689e-05,0.792942134545674,0.16450208085685,3.84127200704059e-05,0.0228767912715047,0.00148057888150137
"205",0.000390703214878242,0.000159778789284141,0.0015231261221822,0.00726004076198869,0.00703438755828713,0.0177924365182973,0.965839527035082
"206",8.24576051839764e-06,0.989682851033004,0.000869827374671257,0.00453032083580859,0.00124435121203189,0.00287341355805689,0.000790990225908484
"207",1.69276737786669e-05,0.0142646129801031,0.0535591737689869,0.00104536958498303,0.000469685201231241,0.00207798507622627,0.928566245714691
"208",0.000361339322253108,2.52145408595907e-06,0.00202086386288528,3.04740889603899e-05,0.000101189375300341,0.00608838526014029,0.991395226636375
"209",3.34364506708437e-05,9.0775679968291e-05,0.000123416357340712,0.995523977930642,0.000575283854045899,0.00364421196968414,8.89775764842359e-06
"210",1.5682740249275e-05,9.94937043849339e-05,0.00156682993730473,0.997138093602224,9.38083388300984e-05,0.00108093275064483,5.15892636205815e-06
"211",0.961482717379474,3.34191739785635e-05,0.00356104502264951,0.00193621838651871,0.000970676910545221,0.0286005696422789,0.00341535348455492
"212",0.00159728968143796,2.38875049270165e-05,0.00365041165177461,0.938367566468803,0.000307186264671717,0.0558724211687287,0.000181237259657335
"213",0.00211524292015546,2.77754916554541e-05,0.000548680714945745,0.0211016940738159,0.0495861337195044,0.924800678856704,0.00181979422321855
"214",3.67562320070846e-05,0.974721665327093,0.0157900394084914,0.00466149866224211,0.00160079778968188,0.00300542245277883,0.000183820127706104
"215",5.90964450791308e-05,1.47471701128457e-05,3.05672112093623e-05,0.997449957739427,2.86209901006223e-06,0.00244271647162489,5.28635366837897e-08
"216",0.999613887506305,2.61436074961215e-09,0.000131777593279693,1.54305229866164e-06,1.92101576336587e-07,0.000111875957049702,0.000140721175129878
"217",0.0247610948511295,0.00104677296095706,0.00473338377720943,0.035774436950269,0.000930250781658682,0.931386031344152,0.00136802933462461
"218",0.0010249416290116,3.56614490693082e-05,0.000121510912073771,0.000571177222716356,0.994975435005726,0.00173002836897601,0.0015412454124273
"219",0.00214009445886982,3.36699636066914e-07,0.000785904693946333,1.61318554590866e-05,0.00098145166591729,0.000225904068859162,0.995850176557312
"220",0.000334765067810713,0.911191968981945,0.0406124496143466,0.00199944956299334,0.000686350193531048,0.00618299589961706,0.0389920206797561
"221",9.10648169146179e-05,0.940848225887414,0.0426132010801381,0.00458292360401155,0.00854844280227004,0.00237327535267199,0.000942866456579754
"222",0.984540095385313,4.25926256562535e-08,0.00010122006952789,4.60916417664025e-05,5.66369488353683e-05,0.0151887574301816,6.71559317501142e-05
"223",0.0379767575065392,1.05814286477306e-05,3.59047957284554e-05,0.00888123617630751,0.0068312652567159,0.946226707769453,3.75470666080928e-05
"224",0.000137270203219655,0.981021445339549,0.00923205710107952,0.00600112687518467,0.00135409010889276,0.00187321735970039,0.000380793012374283
"225",0.930382873486134,2.28506745770516e-09,0.0667674551946047,6.81960558555987e-06,1.22707492348588e-08,0.00283097520467245,1.18619531870686e-05
"226",7.78634157130502e-07,0.00266724010179254,0.954748780527885,0.000310546306422097,4.92705671339047e-07,3.35853770888067e-05,0.0422385763469833
"227",0.000146682092928861,2.71091821469938e-06,0.998483024705261,0.00122777534077605,2.70446574422499e-07,9.49006636363673e-05,4.4635832608415e-05
"228",7.42530175945551e-05,0.0590174517843996,0.00228816892313492,0.0836079303318031,0.54226440774962,0.311203952872894,0.00154383532055418
"229",0.0268618311769646,0.000232082378938676,0.626569383446924,7.4140305777806e-05,0.3266941264796,0.00359497834693135,0.0159734578648631
"230",0.907503112460347,1.35004373608079e-05,0.00389580889327675,0.00231320361964058,0.00167575783556559,0.0770181297257636,0.00758048702804573
"231",9.83209238892805e-05,5.1015773861633e-05,0.748311363778783,1.26318548853505e-05,0.000229978256385924,0.000572146040007659,0.250724543372187
"232",0.035455641554225,0.00215053881495096,0.00192557196226849,0.79777444470572,5.42554397759098e-05,0.162609995923878,2.95515991812638e-05
"233",0.000298769106598318,1.7011512972739e-06,5.28460996624558e-05,1.06207058654301e-05,0.998639333874692,0.000260322929879279,0.000736406132004949
"234",0.000493570740307732,0.00355256402264102,0.00117928902001802,0.975023318990702,0.000169953281261471,0.0195679440669425,1.33598781272827e-05
"235",0.00993497948678021,3.44218720250862e-05,0.0431591295986472,0.923340694480786,0.000133795106771602,0.0195340274135142,0.00386295204147599
"236",0.00021835579855962,1.28988225695526e-06,0.00149937310332665,0.996396202480192,9.52821271537219e-07,0.00188307861143944,7.47302953443253e-07
"237",0.999756521918951,2.64339306802364e-10,3.29362238165093e-06,4.04476408887985e-06,3.35995173446992e-07,0.000230042321317201,5.76111374857772e-06
"238",0.00988264665209694,0.00160000229161327,0.00679675265072048,0.000239646507862739,0.924964985392982,0.0111551070402655,0.0453608594644588
"239",0.995534571426187,2.49568910565274e-07,0.00289304712561454,1.29926190239279e-05,8.45790202297347e-07,4.17049832704015e-05,0.00151658848679109
"240",0.000566707160928932,0.941087767431242,0.00554874770304727,0.0115617821811669,0.00183746424378619,0.0389823903112133,0.000415140968615321
"241",0.000117617082769994,1.1982351213756e-06,0.000680378359968363,0.99448955970657,5.11690828262111e-05,0.0046577606419671,2.31689077708304e-06
"242",2.53083134718724e-05,0.970866159228369,0.00240793129676498,0.014401025837745,0.00144963709799686,0.00893195011972446,0.00191798810592754
"243",0.0220158445399815,0.000370221920886179,0.0158286493081376,0.00418324793957425,0.0322528278405163,0.100125869119743,0.825223339331161
"244",0.0654257997047756,0.0388952642598,0.053295539724828,0.240484846480612,0.00955360651514046,0.570593866480958,0.0217510768338855
"245",1.15072038663276e-05,0.988432621656744,0.00562196872006193,0.00108725384261497,0.000268974799131473,0.0013210114284126,0.00325666234916883
"246",4.37336288616734e-05,0.983832449204532,0.0114527972633079,0.00283517789310547,5.25226647751348e-05,0.00106298589760496,0.000720333447813395
"247",0.00034109058686439,0.961692826898511,0.0229850933108819,0.00645154691199229,0.000109763530588193,0.00685958655413202,0.00156009220702993
"248",0.00213768064256337,1.71624321067503e-05,0.003550629546428,0.00176846459152939,0.00159055384184625,0.000280789092529172,0.990654719852997
"249",0.000260872730508527,0.000637189915868551,8.2874979827911e-05,0.000743995599687136,0.990824876328969,0.0067230269076792,0.000727163537459672
"250",6.37708098034366e-05,1.04292328816527e-06,0.999420371135168,0.000170129836740939,2.13992506261522e-05,0.000106213250648376,0.000217072793725321
"251",4.50842308277221e-05,0.993515736533686,0.00302897156369858,0.00150163474954979,4.97836746727486e-05,0.00138239722153079,0.000476392026034062
"252",0.00833435758354764,0.000568727629556415,0.00241836663010804,0.00425905394893935,0.175742278701418,0.802010232571554,0.0066669829348773
"253",0.150998153127609,2.21299162055571e-05,0.00987714783751813,0.00796034854414427,0.012252549354497,0.815739642277424,0.00315002894260186
"254",0.00811080711009042,4.41487940465653e-05,0.0840695726614747,0.737787911634373,0.000110104056392048,0.169803879716883,7.35760267396411e-05
"255",0.000275732401299494,0.00138942810413049,0.00686212789218814,0.974799478816948,7.87769711524661e-07,0.0164725578779013,0.000199887137820522
"256",0.999774060726992,2.98265098119978e-08,1.87440925704277e-05,2.17774878782127e-06,2.83242790250354e-06,0.000187287680680577,1.48674965562568e-05
"257",0.000505067782743533,0.000139401425406479,0.985613264178605,0.00723477359139037,2.2134745409511e-05,0.00644395575716622,4.14025192790647e-05
"258",0.945417881367562,3.3803644270886e-06,0.000774195402501761,0.00109044163946479,1.31146611771477e-05,0.0526838156628791,1.71709019875613e-05
"259",0.999847172333717,4.21582343053137e-09,8.26400273862288e-06,1.53018245059052e-05,2.34058071728635e-06,0.000123614125436557,3.30291706082056e-06
"260",0.00159451292187478,8.99761130090823e-05,0.00185427304542885,0.973529371840744,0.000182975539977423,0.022721757823947,2.71327150191532e-05
"261",1.86924961916008e-05,0.0545302171070604,0.913261696850061,0.00180593443455017,0.000367747461671141,0.000241790775227909,0.0297739208752381
"262",0.000805072910055614,0.772128143723177,0.110465534619733,0.0995720616956567,0.0027757951208905,0.00964729118602939,0.00460610074445788
"263",0.189191841017519,6.94041936391347e-06,0.00076372895324201,0.000123843740371002,0.716003774671039,0.0429008984695781,0.0510089727288877
"264",9.79216052389367e-05,5.36741726948976e-05,0.00534019571061804,7.76451681468324e-05,0.0231137377859233,0.000733681811535303,0.970583143745843
"265",0.0688644368408874,0.00059423471744306,0.00893764054388109,0.44476071190533,0.00779564458304654,0.458373577854599,0.0106737535548131
"266",3.24219177083142e-05,0.000925442403942573,0.00345274453014261,0.000193982386258283,0.992848969271672,0.00130310711340412,0.00124333237687197
"267",0.0112387947882137,6.23726728725148e-05,0.0102638164824794,0.976857678893611,1.45768739324547e-06,0.00157279864742345,3.08082800628861e-06
"268",2.69902761093293e-05,0.962976270573696,0.0193059107110568,0.00602092696699024,8.59019214719626e-05,0.00170547165664311,0.00987852789403245
"269",3.20844747351106e-05,7.97911649035066e-08,3.54912455796701e-06,6.23179154159921e-05,0.999087268098893,0.000590470204287714,0.0002242303909454
"270",0.000230477162966578,0.946720123788526,0.0156444861661612,0.0144912150701737,0.00402960015999131,0.0128657674801651,0.00601833017201666
"271",3.25842363915265e-06,0.000704817860434749,0.00396960644720721,0.977293799695887,0.00267291702039487,0.0149631038275318,0.000392496724905608
"272",0.0029347879007256,7.81919082627868e-06,0.00023136641299087,0.00285784120089159,0.933168943486181,0.059699544239246,0.00109969756913828
"273",0.000272255412638809,5.58266073171803e-05,0.0134709677733046,4.49721261353788e-05,0.0084346389461514,0.00288751111256189,0.974833828021891
"274",0.000660658190907049,0.00433285054845904,0.00823618886515585,0.00920288037409268,0.962902905859343,0.0104976515734346,0.00416686458860734
